sent=482 KB rate=0.023618 Mbps
received=482 KB rate=0.023618 Mbps