sent=521368 KB rate=25.547032 Mbps
received=521368 KB rate=26.891613 Mbps