sent=558796 KB rate=27.381004 Mbps
received=558796 KB rate=27.381004 Mbps